 1          13632       .4         0 1 0 0 0 0 1 0 0 0 0 0 0 0 0 0 0 0 0
 2          20035       .4         0 1 0 0 0 0 1 0 0 0 0 0 0 0 0 0 0 0 0
 3          16319       .4         0 1 0 0 0 0 1 0 0 0 0 0 0 0 0 0 0 0 0
 4          12603       .4         0 1 0 0 0 0 1 0 0 0 0 0 0 0 0 0 0 0 0
 5          23079       .4         0 1 0 0 0 0 0 1 0 0 0 0 0 0 0 0 0 0 0
 6          19652       .4         0 1 0 0 0 0 0 1 0 0 0 0 0 0 0 0 0 0 0
 7          16211       .4         0 1 0 0 0 0 0 1 0 0 0 0 0 0 0 0 0 0 0
 8          22914       .4         0 1 0 0 0 0 0 1 0 0 0 0 0 0 0 0 0 0 0
 9          23710       .4         0 1 0 0 0 0 0 0 1 0 0 0 0 0 0 0 0 0 0
 10         23036       .35        0 1 0 0 0 0 0 0 1 0 0 0 0 0 0 0 0 0 0
 11         38414       .35        0 1 0 0 0 0 0 0 1 0 0 0 0 0 0 0 0 0 0
 12         46906       .35        0 1 0 0 0 0 0 0 1 0 0 0 0 0 0 0 0 0 0
 13         58608       .35        0 1 0 0 0 0 0 0 0 1 0 0 0 0 0 0 0 0 0
 14         51225       .35        0 1 0 0 0 0 0 0 0 1 0 0 0 0 0 0 0 0 0
 15         37339       .35        1 1 0 0 0 0 0 0 0 1 0 0 0 0 0 0 0 0 0
 16         20298       .3         1 1 0 0 0 0 0 0 0 1 0 0 0 0 0 0 0 0 0
 17         13699       .3         1 1 0 0 0 0 0 0 0 0 1 0 0 0 0 0 0 0 0
 18         11944       .3         1 1 0 0 0 0 0 0 0 0 1 0 0 0 0 0 0 0 0
 19         10658       .3         1 1 0 0 0 0 0 0 0 0 1 0 0 0 0 0 0 0 0
 20         9756        .3         1 1 0 0 0 0 0 0 0 0 1 0 0 0 0 0 0 0 0
 21         9546        .3         1 1 0 0 0 0 0 0 0 0 0 1 0 0 0 0 0 0 0
 22         16713       .3         1 1 0 0 0 0 0 0 0 0 0 1 0 0 0 0 0 0 0
 23         16389       .3         1 1 0 0 0 0 0 0 0 0 0 1 0 0 0 0 0 0 0
 24         23179       .3         1 1 0 0 0 0 0 0 0 0 0 1 0 0 0 0 0 0 0
 25         34999       .3         1 1 0 0 0 0 0 0 0 0 0 0 1 0 0 0 0 0 0
 26         35267       .3         1 1 0 0 0 0 0 0 0 0 0 0 1 0 0 0 0 0 0
 27         20402       .3         1 1 0 0 0 0 0 0 0 0 0 0 1 0 0 0 0 0 0
 28         21020       .3         1 1 1 0 0 0 0 0 0 0 0 0 1 0 0 0 0 0 0
 29         16612       .3         1 1 1 0 0 0 0 0 0 0 0 0 0 1 0 0 0 0 0
 30         14834       .3         1 1 1 0 0 0 0 0 0 0 0 0 0 1 0 0 0 0 0
 31         11149       .3         1 1 1 0 0 0 0 0 0 0 0 0 0 1 0 0 0 0 0
 32         16035       .3         1 1 1 0 0 0 0 0 0 0 0 0 0 1 0 0 0 0 0
 33         18555       .3         1 1 1 0 0 0 0 0 0 0 0 0 0 0 1 0 0 0 0
 34         17413       .3         1 1 1 0 0 0 0 0 0 0 0 0 0 0 1 0 0 0 0
 35         19412       .3         1 1 1 0 0 0 0 0 0 0 0 0 0 0 1 0 0 0 0
 36         20240       .3         1 1 1 0 0 0 0 0 0 0 0 0 0 0 1 0 0 0 0
 37         11824       .3         1 1 1 0 0 0 0 0 0 0 0 0 0 0 0 1 0 0 0
 38         17793       .3         1 1 1 0 0 0 0 0 0 0 0 0 0 0 0 1 0 0 0
 39         20157       .3         1 1 1 0 0 0 0 0 0 0 0 0 0 0 0 1 0 0 0
 40         18623       .3         1 1 1 0 0 0 0 0 0 0 0 0 0 0 0 1 0 0 0
 41         19062       .3         1 1 1 0 0 0 0 0 0 0 0 0 0 0 0 0 1 0 0
 42         20840       .3         1 1 1 0 0 0 0 0 0 0 0 0 0 0 0 0 1 0 0
 43         18972       .3         1 1 1 0 0 0 0 0 0 0 0 0 0 0 0 0 1 0 0
 44         19690       .3         1 1 1 0 0 0 0 0 0 0 0 0 0 0 0 0 1 0 0
 45         20206       .3         1 1 1 0 0 0 0 0 0 0 0 0 0 0 0 0 0 1 0
 46         23081       .3         1 1 1 0 0 0 0 0 0 0 0 0 0 0 0 0 0 1 0
 47         21209       .3         1 1 1 0 0 0 0 0 0 0 0 0 0 0 0 0 0 1 0
 48         13753       .35        1 1 1 0 0 0 0 0 0 0 0 0 0 0 0 0 0 1 0
 49         14956       .35        0 1 1 0 0 0 0 0 0 0 0 0 0 0 0 0 0 0 1
 50         13295       .35        0 1 1 0 0 0 0 0 0 0 0 0 0 0 0 0 0 0 1
 51         16935       .35        0 1 1 0 0 0 0 0 0 0 0 0 0 0 0 0 0 0 1
 52         24499       .35        0 1 1 0 0 0 0 0 0 0 0 0 0 0 0 0 0 0 1
 53         20078       .35        0 1 1 0 0 0 1 0 0 0 0 0 0 0 0 0 0 0 0
 54         24144       .35        0 1 1 0 0 0 1 0 0 0 0 0 0 0 0 0 0 0 0
 55         26157       .35        0 1 1 0 0 0 1 0 0 0 0 0 0 0 0 0 0 0 0
 56         22055       .35        0 1 1 0 0 0 1 0 0 0 0 0 0 0 0 0 0 0 0
 57         21973       .35        0 1 1 0 0 0 0 1 0 0 0 0 0 0 0 0 0 0 0
 58         23794       .35        0 1 1 0 0 0 0 1 0 0 0 0 0 0 0 0 0 0 0
 59         23116       .35        0 1 1 0 0 0 0 1 0 0 0 0 0 0 0 0 0 0 0
 60         23578       .35        0 1 1 0 0 0 0 1 0 0 0 0 0 0 0 0 0 0 0
 61         21568       .35        0 1 1 0 0 0 0 0 1 0 0 0 0 0 0 0 0 0 0
 62         17494       .35        0 0 1 0 0 0 0 0 1 0 0 0 0 0 0 0 0 0 0
 63         16260       .35        0 0 1 0 0 0 0 0 1 0 0 0 0 0 0 0 0 0 0
 64         26690       .35        0 0 1 0 0 0 0 0 1 0 0 0 0 0 0 0 0 0 0
 65         21723       .35        0 0 1 0 0 0 0 0 0 1 0 0 0 0 0 0 0 0 0
 66         30625       .35        0 0 1 0 0 0 0 0 0 1 0 0 0 0 0 0 0 0 0
 67         36618.5     .35        0 0 1 0 0 0 0 0 0 1 0 0 0 0 0 0 0 0 0
 68         42182       .3         0 0 1 0 0 0 0 0 0 1 0 0 0 0 0 0 0 0 0
 69         47432       .25        0 0 1 0 0 0 0 0 0 0 1 0 0 0 0 0 0 0 0
 70         43822       .3         0 1 1 0 0 0 0 0 0 0 1 0 0 0 0 0 0 0 0
 71         36457.63    .3         0 1 1 0 0 0 0 0 0 0 1 0 0 0 0 0 0 0 0
 72         29093.34    .3         0 1 1 0 0 0 0 0 0 0 1 0 0 0 0 0 0 0 0
 73         21729       .3         1 1 1 0 0 0 0 0 0 0 0 1 0 0 0 0 0 0 0
 74         21265       .3         1 1 1 0 0 0 0 0 0 0 0 1 0 0 0 0 0 0 0
 75         18505       .3         1 1 1 0 0 0 0 0 0 0 0 1 0 0 0 0 0 0 0
 76         14540       .3         1 0 1 0 0 0 0 0 0 0 0 1 0 0 0 0 0 0 0
 77         19366       .3         1 0 1 0 0 0 0 0 0 0 0 0 1 0 0 0 0 0 0
 78         55732       .25        1 0 1 0 0 0 0 0 0 0 0 0 1 0 0 0 0 0 0
 79         42346       .15        1 0 1 0 0 0 0 0 0 0 0 0 1 0 0 0 0 0 0
 80         28960       .15        1 0 1 0 0 0 0 0 0 0 0 0 1 0 0 0 0 0 0
 81         30434       .15        1 0 1 0 0 0 0 0 0 0 0 0 0 1 0 0 0 0 0
 82         26139       .15        1 0 1 0 0 0 0 0 0 0 0 0 0 1 0 0 0 0 0
 83         31075       .15        1 0 1 0 0 0 0 0 0 0 0 0 0 1 0 0 0 0 0
 84         29433       .15        1 0 1 0 0 0 0 0 0 0 0 0 0 1 0 0 0 0 0
 85         29136       .15        1 0 1 0 0 0 0 0 0 0 0 0 0 0 1 0 0 0 0
 86         31126       .15        1 0 1 0 0 0 0 0 0 0 0 0 0 0 1 0 0 0 0
 87         35384       .15        1 0 1 0 0 0 0 0 0 0 0 0 0 0 1 0 0 0 0
 88         36701       .15        1 0 1 0 0 0 0 0 0 0 0 0 0 0 1 0 0 0 0
 89         37771       .15        1 0 1 0 0 0 0 0 0 0 0 0 0 0 0 1 0 0 0
 90         38247       .15        1 0 1 0 0 0 0 0 0 0 0 0 0 0 0 1 0 0 0
 91         39518       .15        1 0 1 0 0 0 0 0 0 0 0 0 0 0 0 1 0 0 0
 92         30603       .15        1 0 1 0 0 0 0 0 0 0 0 0 0 0 0 1 0 0 0
 93         28383       .125       1 0 1 0 0 0 0 0 0 0 0 0 0 0 0 0 1 0 0
 94         24678       .125       1 0 1 0 0 0 0 0 0 0 0 0 0 0 0 0 1 0 0
 95         27839       .125       1 0 1 0 0 0 0 0 0 0 0 0 0 0 0 0 1 0 0
 96         26767       .125       1 0 1 0 0 0 0 0 0 0 0 0 0 0 0 0 1 0 0
 97         24041       .125       1 0 1 0 0 0 0 0 0 0 0 0 0 0 0 0 0 1 0
 98         23355       .2         1 0 1 0 0 0 0 0 0 0 0 0 0 0 0 0 0 1 0
 99         26491       .2         1 0 1 0 0 0 0 0 0 0 0 0 0 0 0 0 0 1 0
 100        20900       .2         1 0 1 0 0 0 0 0 0 0 0 0 0 0 0 0 0 1 0
 101        26410       .2         0 0 1 0 0 0 0 0 0 0 0 0 0 0 0 0 0 0 1
 102        26195       .2         0 0 1 0 0 0 0 0 0 0 0 0 0 0 0 0 0 0 1
 103        22427       .2         0 0 1 0 0 0 0 0 0 0 0 0 0 0 0 0 0 0 1
 104        27535       .125       0 0 1 0 0 0 0 0 0 0 0 0 0 0 0 0 0 0 1
 105        25738       .125       0 0 1 0 0 0 1 0 0 0 0 0 0 0 0 0 0 0 0
 106        23429       .125       0 0 1 0 0 0 1 0 0 0 0 0 0 0 0 0 0 0 0
 107        32745       .125       0 0 1 0 0 0 1 0 0 0 0 0 0 0 0 0 0 0 0
 108        37950       .125       0 0 1 0 0 0 1 0 0 0 0 0 0 0 0 0 0 0 0
 109        41466       .2         0 1 1 0 0 0 0 1 0 0 0 0 0 0 0 0 0 0 0
 110        49276       .2         0 1 1 0 0 0 0 1 0 0 0 0 0 0 0 0 0 0 0
 111        37850       .2         0 1 1 0 0 0 0 1 0 0 0 0 0 0 0 0 0 0 0
 112        32893       .2         0 1 1 0 0 0 0 1 0 0 0 0 0 0 0 0 0 0 0
 113        24410       .2         0 1 1 0 0 0 0 0 1 0 0 0 0 0 0 0 0 0 0
 114        15104       .2         0 1 1 0 0 0 0 0 1 0 0 0 0 0 0 0 0 0 0
 115        13819       .2         0 1 1 0 0 0 0 0 1 0 0 0 0 0 0 0 0 0 0
 116        22959       .25        0 1 1 0 0 0 0 0 1 0 0 0 0 0 0 0 0 0 0
 117        14486       .25        0 1 1 0 0 0 0 0 0 1 0 0 0 0 0 0 0 0 0
 118        15254       .25        0 1 1 0 0 0 0 0 0 1 0 0 0 0 0 0 0 0 0
 119        16607       .25        0 1 1 0 0 0 0 0 0 1 0 0 0 0 0 0 0 0 0
 120        17475       .25        1 1 1 0 0 0 0 0 0 1 0 0 0 0 0 0 0 0 0
 121        12704       .25        1 1 1 0 0 0 0 0 0 0 1 0 0 0 0 0 0 0 0
 122        14399       .25        1 1 1 0 0 0 0 0 0 0 1 0 0 0 0 0 0 0 0
 123        12023       .25        1 1 1 0 0 0 0 0 0 0 1 0 0 0 0 0 0 0 0
 124        9626        .25        1 1 1 0 0 0 0 0 0 0 1 0 0 0 0 0 0 0 0
 125        6482        .25        1 1 1 0 0 0 0 0 0 0 0 1 0 0 0 0 0 0 0
 126        10520       .25        1 1 1 0 0 0 0 0 0 0 0 1 0 0 0 0 0 0 0
 127        12588       .25        1 1 1 0 0 0 0 0 0 0 0 1 0 0 0 0 0 0 0
 128        12468       .25        1 1 1 0 0 0 0 0 0 0 0 1 0 0 0 0 0 0 0
 129        10930       .25        1 1 1 0 0 0 0 0 0 0 0 0 1 0 0 0 0 0 0
 130        10997       .25        1 1 1 0 0 0 0 0 0 0 0 0 1 0 0 0 0 0 0
 131        8618        .25        1 1 1 0 0 0 0 0 0 0 0 0 1 0 0 0 0 0 0
 132        4810        .25        1 1 1 0 0 0 0 0 0 0 0 0 1 0 0 0 0 0 0
 133        5832        .25        1 1 1 0 0 0 0 0 0 0 0 0 0 1 0 0 0 0 0
 134        8536        .25        1 1 1 0 0 0 0 0 0 0 0 0 0 1 0 0 0 0 0
 135        11204       .25        1 1 1 0 0 0 0 0 0 0 0 0 0 1 0 0 0 0 0
 136        10591       .25        1 1 1 0 0 0 0 0 0 0 0 0 0 1 0 0 0 0 0
 137        9978        .25        1 1 1 0 0 0 0 0 0 0 0 0 0 0 1 0 0 0 0
 138        9374        .25        1 1 1 0 0 0 0 0 0 0 0 0 0 0 1 0 0 0 0
 139        19466       .25        1 1 1 0 0 0 0 0 0 0 0 0 0 0 1 0 0 0 0
 140        23085       .25        1 1 1 0 0 0 0 0 0 0 0 0 0 0 1 0 0 0 0
 141        18981       .25        1 1 1 0 0 0 0 0 0 0 0 0 0 0 0 1 0 0 0
 142        16595       .25        1 1 1 0 0 0 0 0 0 0 0 0 0 0 0 1 0 0 0
 143        13182       .25        1 1 1 0 0 0 0 0 0 0 0 0 0 0 0 1 0 0 0
 144        11626       .25        1 1 1 0 0 0 0 0 0 0 0 0 0 0 0 1 0 0 0
 145        12996       .25        1 1 1 0 0 0 0 0 0 0 0 0 0 0 0 0 1 0 0
 146        14852       .25        1 1 1 0 0 0 0 0 0 0 0 0 0 0 0 0 1 0 0
 147        11508       .25        1 1 1 0 0 0 0 0 0 0 0 0 0 0 0 0 1 0 0
 148        12996       .25        1 1 1 0 0 0 0 0 0 0 0 0 0 0 0 0 1 0 0
 149        17942       .25        1 1 1 0 0 0 0 0 0 0 0 0 0 0 0 0 0 1 0
 150        15498       .25        1 1 1 0 0 0 0 0 0 0 0 0 0 0 0 0 0 1 0
 151        18121       .25        1 1 1 0 0 0 0 0 0 0 0 0 0 0 0 0 0 1 0
 152        17914       .25        1 1 1 0 0 0 0 0 0 0 0 0 0 0 0 0 0 1 0
 153        21217       .3         0 1 1 0 0 0 0 0 0 0 0 0 0 0 0 0 0 0 1
 154        22418       .3         0 1 1 0 0 0 0 0 0 0 0 0 0 0 0 0 0 0 1
 155        26230       .3         0 1 1 0 0 0 0 0 0 0 0 0 0 0 0 0 0 0 1
 156        26458       .3         0 1 1 0 0 0 0 0 0 0 0 0 0 0 0 0 0 0 1
 157        36168       .3         0 1 1 0 0 0 1 0 0 0 0 0 0 0 0 0 0 0 0
 158        30721       .3         0 1 1 0 0 0 1 0 0 0 0 0 0 0 0 0 0 0 0
 159        41071       .3         0 1 1 0 0 0 1 0 0 0 0 0 0 0 0 0 0 0 0
 160        28865       .3         0 1 1 0 0 0 1 0 0 0 0 0 0 0 0 0 0 0 0
 161        29221       .3         0 1 1 0 0 0 0 1 0 0 0 0 0 0 0 0 0 0 0
 162        22245       .3         0 1 1 0 0 0 0 1 0 0 0 0 0 0 0 0 0 0 0
 163        20377       .3         0 1 1 0 0 0 0 1 0 0 0 0 0 0 0 0 0 0 0
 164        36343       .3         0 0 1 0 0 0 0 1 0 0 0 0 0 0 0 0 0 0 0
 165        33227       .3         0 1 1 0 0 0 0 0 1 0 0 0 0 0 0 0 0 0 0
 166        33806       .3         0 1 1 0 0 0 0 0 1 0 0 0 0 0 0 0 0 0 0
 167        43998       .3         0 1 0 1 0 0 0 0 1 0 0 0 0 0 0 0 0 0 0
 168        45342       .3         0 1 0 1 0 0 0 0 1 0 0 0 0 0 0 0 0 0 0
 169        45659       .3         0 1 0 1 0 0 0 0 0 1 0 0 0 0 0 0 0 0 0
 170        30864       .3         0 1 0 1 0 0 0 0 0 1 0 0 0 0 0 0 0 0 0
 171        16522       .3         0 1 0 1 0 0 0 0 0 1 0 0 0 0 0 0 0 0 0
 172        20085       .3         1 1 0 1 0 0 0 0 0 1 0 0 0 0 0 0 0 0 0
 173        18262       .25        1 0 0 1 0 0 0 0 0 0 1 0 0 0 0 0 0 0 0
 174        19415       .25        1 0 0 1 0 0 0 0 0 0 1 0 0 0 0 0 0 0 0
 175        22792       .25        1 1 0 1 0 0 0 0 0 0 1 0 0 0 0 0 0 0 0
 176        23903       .25        1 1 0 1 0 0 0 0 0 0 1 0 0 0 0 0 0 0 0
 177        14761       .25        1 1 0 1 0 0 0 0 0 0 0 1 0 0 0 0 0 0 0
 178        10901       .25        1 1 0 1 0 0 0 0 0 0 0 1 0 0 0 0 0 0 0
 179        14868       .25        1 1 0 1 0 0 0 0 0 0 0 1 0 0 0 0 0 0 0
 180        17271       .25        1 1 0 1 0 0 0 0 0 0 0 1 0 0 0 0 0 0 0
 181        16179       .25        1 1 0 1 0 0 0 0 0 0 0 0 1 0 0 0 0 0 0
 182        15576       .25        1 1 0 0 1 0 0 0 0 0 0 0 1 0 0 0 0 0 0
 183        12292       .25        1 1 0 0 1 0 0 0 0 0 0 0 1 0 0 0 0 0 0
 184        7627        .25        1 1 0 0 1 0 0 0 0 0 0 0 1 0 0 0 0 0 0
 185        9888        .25        1 1 0 0 1 0 0 0 0 0 0 0 0 1 0 0 0 0 0
 186        11080       .25        1 1 0 0 1 0 0 0 0 0 0 0 0 1 0 0 0 0 0
 187        13782       .25        1 1 0 0 1 0 0 0 0 0 0 0 0 1 0 0 0 0 0
 188        15181       .25        1 1 0 0 1 0 0 0 0 0 0 0 0 1 0 0 0 0 0
 189        11906       .25        1 1 0 0 1 0 0 0 0 0 0 0 0 0 1 0 0 0 0
 190        14763       .25        1 1 0 0 1 0 0 0 0 0 0 0 0 0 1 0 0 0 0
 191        22934       .25        1 1 0 0 1 0 0 0 0 0 0 0 0 0 1 0 0 0 0
 192        23252       .25        1 0 0 0 1 0 0 0 0 0 0 0 0 0 1 0 0 0 0
 193        25164       .2         1 0 0 0 1 0 0 0 0 0 0 0 0 0 0 1 0 0 0
 194        33879       .2         1 1 0 0 1 0 0 0 0 0 0 0 0 0 0 1 0 0 0
 195        32428       .25        1 1 0 0 1 0 0 0 0 0 0 0 0 0 0 1 0 0 0
 196        31256       .25        1 1 0 0 1 0 0 0 0 0 0 0 0 0 0 1 0 0 0
 197        27805       .25        1 1 0 0 1 0 0 0 0 0 0 0 0 0 0 0 1 0 0
 198        34663       .25        1 1 0 0 1 0 0 0 0 0 0 0 0 0 0 0 1 0 0
 199        30187       .25        1 1 0 0 1 0 0 0 0 0 0 0 0 0 0 0 1 0 0
 200        27277       .25        1 1 0 0 1 0 0 0 0 0 0 0 0 0 0 0 1 0 0
 201        29521       .25        1 1 0 0 1 0 0 0 0 0 0 0 0 0 0 0 0 1 0
 202        31280       .25        1 1 0 0 1 0 0 0 0 0 0 0 0 0 0 0 0 1 0
 203        30601       .25        1 1 0 0 1 0 0 0 0 0 0 0 0 0 0 0 0 1 0
 204        31553       .25        1 1 0 0 1 0 0 0 0 0 0 0 0 0 0 0 0 1 0
 205        42735       .3         0 1 0 0 1 0 0 0 0 0 0 0 0 0 0 0 0 0 1
 206        28241       .3         0 1 0 0 1 0 0 0 0 0 0 0 0 0 0 0 0 0 1
 207        29221       .3         0 1 0 0 1 0 0 0 0 0 0 0 0 0 0 0 0 0 1
 208        27894       .3         0 1 0 0 1 0 0 0 0 0 0 0 0 0 0 0 0 0 1
 209        21911       .3         0 1 0 0 1 0 1 0 0 0 0 0 0 0 0 0 0 0 0
 210        16685       .3         0 1 0 0 1 0 1 0 0 0 0 0 0 0 0 0 0 0 0
 211        23504       .2         0 1 0 0 1 0 1 0 0 0 0 0 0 0 0 0 0 0 0
 212        41210       .3         0 1 0 0 1 0 1 0 0 0 0 0 0 0 0 0 0 0 0
 213        35058       .3         0 1 0 0 1 0 0 1 0 0 0 0 0 0 0 0 0 0 0
 214        27065       .3         0 1 0 0 1 0 0 1 0 0 0 0 0 0 0 0 0 0 0
 215        29404       .3         0 0 0 0 1 0 0 1 0 0 0 0 0 0 0 0 0 0 0
 216        25269       .3         0 0 0 0 1 0 0 1 0 0 0 0 0 0 0 0 0 0 0
 217        29219       .3         0 0 0 0 1 0 0 0 1 0 0 0 0 0 0 0 0 0 0
 218        29291       .3         0 0 0 0 1 0 0 0 1 0 0 0 0 0 0 0 0 0 0
 219        29217       .3         0 0 0 0 1 0 0 0 1 0 0 0 0 0 0 0 0 0 0
 220        32643       .3         0 0 0 0 1 0 0 0 1 0 0 0 0 0 0 0 0 0 0
 221        37902       .2         0 0 0 0 1 0 0 0 0 1 0 0 0 0 0 0 0 0 0
 222        53282       .15        0 0 0 0 1 0 0 0 0 1 0 0 0 0 0 0 0 0 0
 223        70793       .15        0 0 0 0 1 0 0 0 0 1 0 0 0 0 0 0 0 0 0
 224        76407       .15        0 0 0 0 1 0 0 0 0 1 0 0 0 0 0 0 0 0 0
 225        65944       .15        0 0 0 0 1 0 0 0 0 0 1 0 0 0 0 0 0 0 0
 226        51242       .15        0 0 0 0 1 0 0 0 0 0 1 0 0 0 0 0 0 0 0
 227        42464       .15        1 0 0 0 1 0 0 0 0 0 1 0 0 0 0 0 0 0 0
 228        36603       .15        1 0 0 0 1 0 0 0 0 0 1 0 0 0 0 0 0 0 0
 229        32376       .15        1 0 0 0 1 0 0 0 0 0 0 1 0 0 0 0 0 0 0
 230        37927       .15        1 0 0 0 1 0 0 0 0 0 0 1 0 0 0 0 0 0 0
 231        37905       .15        1 0 0 0 1 0 0 0 0 0 0 1 0 0 0 0 0 0 0
 232        34782       .15        1 0 0 0 1 0 0 0 0 0 0 1 0 0 0 0 0 0 0
 233        43146       .15        1 0 0 0 1 0 0 0 0 0 0 0 1 0 0 0 0 0 0
 234        38104       .15        1 1 0 0 1 0 0 0 0 0 0 0 1 0 0 0 0 0 0
 235        41901       .2         1 1 0 0 1 0 0 0 0 0 0 0 1 0 0 0 0 0 0
 236        25829       .2         1 1 0 0 1 0 0 0 0 0 0 0 1 0 0 0 0 0 0
 237        15480       .2         1 1 0 0 1 0 0 0 0 0 0 0 0 1 0 0 0 0 0
 238        18461       .2         1 1 0 0 1 0 0 0 0 0 0 0 0 1 0 0 0 0 0
 239        20716       .25        1 0 0 0 1 0 0 0 0 0 0 0 0 1 0 0 0 0 0
 240        14492       .25        1 0 0 0 1 0 0 0 0 0 0 0 0 1 0 0 0 0 0
 241        13004       .25        1 0 0 0 1 0 0 0 0 0 0 0 0 0 1 0 0 0 0
 242        16754       .25        1 0 0 0 1 0 0 0 0 0 0 0 0 0 1 0 0 0 0
 243        23268       .25        1 0 0 0 1 0 0 0 0 0 0 0 0 0 1 0 0 0 0
 244        18972       .15        1 0 0 0 1 0 0 0 0 0 0 0 0 0 1 0 0 0 0
 245        15531       .15        1 0 0 0 1 0 0 0 0 0 0 0 0 0 0 1 0 0 0
 246        17154       .15        1 0 0 0 1 0 0 0 0 0 0 0 0 0 0 1 0 0 0
 247        23416       .15        1 0 0 0 1 0 0 0 0 0 0 0 0 0 0 1 0 0 0
 248        26541       .15        1 0 0 0 1 0 0 0 0 0 0 0 0 0 0 1 0 0 0
 249        33592       .15        1 1 0 0 1 0 0 0 0 0 0 0 0 0 0 0 1 0 0
 250        36235       .25        1 1 0 0 1 0 0 0 0 0 0 0 0 0 0 0 1 0 0
 251        22372       .25        1 1 0 0 1 0 0 0 0 0 0 0 0 0 0 0 1 0 0
 252        23876       .25        1 1 0 0 1 0 0 0 0 0 0 0 0 0 0 0 1 0 0
 253        31600       .25        1 1 0 0 1 0 0 0 0 0 0 0 0 0 0 0 0 1 0
 254        31419       .25        1 0 0 0 1 0 0 0 0 0 0 0 0 0 0 0 0 1 0
 255        27814       .25        1 1 0 0 1 0 0 0 0 0 0 0 0 0 0 0 0 1 0
 256        32530       .25        1 1 0 0 1 0 0 0 0 0 0 0 0 0 0 0 0 1 0
 257        33624       .25        1 1 0 0 1 0 0 0 0 0 0 0 0 0 0 0 0 0 1
 258        34718       .25        0 1 0 0 1 0 0 0 0 0 0 0 0 0 0 0 0 0 1
 259        35812       .25        0 1 0 0 1 0 0 0 0 0 0 0 0 0 0 0 0 0 1
 260        26844       .25        0 1 0 0 1 0 0 0 0 0 0 0 0 0 0 0 0 0 1
 261        16938       .25        0 1 0 0 1 0 1 0 0 0 0 0 0 0 0 0 0 0 0
 262        19362       .2         0 1 0 0 1 0 1 0 0 0 0 0 0 0 0 0 0 0 0
 263        29761       .2         0 0 0 0 1 0 1 0 0 0 0 0 0 0 0 0 0 0 0
 264        43777       .2         0 0 0 0 1 0 1 0 0 0 0 0 0 0 0 0 0 0 0
 265        32995       .2         0 0 0 0 1 0 0 1 0 0 0 0 0 0 0 0 0 0 0
 266        50340       .2         0 1 0 0 1 0 0 1 0 0 0 0 0 0 0 0 0 0 0
 267        52131       .25        0 1 0 0 1 0 0 1 0 0 0 0 0 0 0 0 0 0 0
 268        30913       .25        0 1 0 0 1 0 0 1 0 0 0 0 0 0 0 0 0 0 0
 269        22887       .25        0 1 0 0 1 0 0 0 1 0 0 0 0 0 0 0 0 0 0
 270        30911       .25        0 1 0 0 1 0 0 0 1 0 0 0 0 0 0 0 0 0 0
 271        36354       .25        0 0 0 0 1 0 0 0 1 0 0 0 0 0 0 0 0 0 0
 272        38989       .2         0 0 0 0 1 0 0 0 1 0 0 0 0 0 0 0 0 0 0
 273        47087       .2         0 0 0 0 1 0 0 0 0 1 0 0 0 0 0 0 0 0 0
 274        44805       .2         0 0 0 0 1 0 0 0 0 1 0 0 0 0 0 0 0 0 0
 275        46694       .2         0 0 0 0 1 0 0 0 0 1 0 0 0 0 0 0 0 0 0
 276        54188       .2         0 0 0 0 1 0 0 0 0 1 0 0 0 0 0 0 0 0 0
 277        40650       .2         0 0 0 0 1 0 0 0 0 0 1 0 0 0 0 0 0 0 0
 278        34674       .2         0 0 0 0 1 0 0 0 0 0 1 0 0 0 0 0 0 0 0
 279        27430       .2         0 0 0 0 1 0 0 0 0 0 1 0 0 0 0 0 0 0 0
 280        53360       .15        0 0 0 0 1 0 0 0 0 0 1 0 0 0 0 0 0 0 0
 281        43018       .15        1 0 0 0 1 0 0 0 0 0 0 1 0 0 0 0 0 0 0
 282        33691       .15        1 0 0 0 1 0 0 0 0 0 0 1 0 0 0 0 0 0 0
 283        27424       .15        1 0 0 0 1 0 0 0 0 0 0 1 0 0 0 0 0 0 0
 284        30120       .15        1 0 0 0 1 0 0 0 0 0 0 1 0 0 0 0 0 0 0
 285        30488       .15        1 0 0 0 1 0 0 0 0 0 0 0 1 0 0 0 0 0 0
 286        31223       .15        1 0 0 0 1 0 0 0 0 0 0 0 1 0 0 0 0 0 0
 287        21562       .15        1 0 0 0 1 0 0 0 0 0 0 0 1 0 0 0 0 0 0
 288        24892       .15        1 0 0 0 1 0 0 0 0 0 0 0 1 0 0 0 0 0 0
 289        20864       .15        1 0 0 0 1 0 0 0 0 0 0 0 0 1 0 0 0 0 0
 290        19128       .15        1 0 0 0 1 0 0 0 0 0 0 0 0 1 0 0 0 0 0
 291        9778        .2         1 0 0 0 1 0 0 0 0 0 0 0 0 1 0 0 0 0 0
 292        7528        .2         1 0 0 0 1 0 0 0 0 0 0 0 0 1 0 0 0 0 0
 293        15773       .2         1 0 0 0 1 0 0 0 0 0 0 0 0 0 1 0 0 0 0
 294        10737       .15        1 0 0 0 1 0 0 0 0 0 0 0 0 0 1 0 0 0 0
 295        20881       .15        1 0 0 0 1 0 0 0 0 0 0 0 0 0 1 0 0 0 0
 296        20970       .15        1 0 0 0 1 0 0 0 0 0 0 0 0 0 1 0 0 0 0
 297        22835       .15        1 0 0 0 1 0 0 0 0 0 0 0 0 0 0 1 0 0 0
 298        30986       .15        1 0 0 0 1 0 0 0 0 0 0 0 0 0 0 1 0 0 0
 299        35308       .15        1 0 0 0 1 0 0 0 0 0 0 0 0 0 0 1 0 0 0
 300        40034       .15        1 0 0 0 1 0 0 0 0 0 0 0 0 0 0 1 0 0 0
 301        44776       .15        1 0 0 0 1 0 0 0 0 0 0 0 0 0 0 0 1 0 0
 302        36288       .2         1 0 0 0 1 0 0 0 0 0 0 0 0 0 0 0 1 0 0
 303        27158       .2         1 0 0 0 1 0 0 0 0 0 0 0 0 0 0 0 1 0 0
 304        14622       .2         1 0 0 0 1 0 0 0 0 0 0 0 0 0 0 0 1 0 0
 305        15259       .2         1 0 0 0 1 0 0 0 0 0 0 0 0 0 0 0 0 1 0
 306        14680       .2         1 0 0 0 1 0 0 0 0 0 0 0 0 0 0 0 0 1 0
 307        15114       .2         1 0 0 0 1 0 0 0 0 0 0 0 0 0 0 0 0 1 0
 308        17686       .2         1 1 0 0 1 0 0 0 0 0 0 0 0 0 0 0 0 1 0
 309        36336       .2         1 1 0 0 1 0 0 0 0 0 0 0 0 0 0 0 0 0 1
 310        22569       .2         0 1 0 0 1 0 0 0 0 0 0 0 0 0 0 0 0 0 1
 311        23342       .2         0 1 0 0 1 0 0 0 0 0 0 0 0 0 0 0 0 0 1
 312        21269       .2         0 1 0 0 1 0 0 0 0 0 0 0 0 0 0 0 0 0 1
 313        18340       .2         0 1 0 0 1 0 1 0 0 0 0 0 0 0 0 0 0 0 0
 314        19440       .25        0 1 0 0 1 0 1 0 0 0 0 0 0 0 0 0 0 0 0
 315        17056       .25        0 0 0 0 1 0 1 0 0 0 0 0 0 0 0 0 0 0 0
 316        10713       .25        0 0 0 0 1 0 1 0 0 0 0 0 0 0 0 0 0 0 0
 317        12836       .25        0 0 0 0 1 0 0 1 0 0 0 0 0 0 0 0 0 0 0
 318        12344       .25        0 0 0 0 1 0 0 1 0 0 0 0 0 0 0 0 0 0 0
 319        17868       .25        0 0 0 0 1 0 0 1 0 0 0 0 0 0 0 0 0 0 0
 320        22789       .25        0 0 0 0 1 0 0 1 0 0 0 0 0 0 0 0 0 0 0
 321        34851       .25        0 0 0 0 1 0 0 0 1 0 0 0 0 0 0 0 0 0 0
 322        29997       .25        0 0 0 0 1 0 0 0 1 0 0 0 0 0 0 0 0 0 0
 323        34010       .25        0 0 0 0 1 0 0 0 1 0 0 0 0 0 0 0 0 0 0
 324        19686       .25        0 1 0 0 0 1 0 0 1 0 0 0 0 0 0 0 0 0 0
 325        14757       .25        0 1 0 0 0 1 0 0 0 1 0 0 0 0 0 0 0 0 0
 326        16502       .25        0 1 0 0 0 1 0 0 0 1 0 0 0 0 0 0 0 0 0
 327        11490       .25        0 1 0 0 0 1 0 0 0 1 0 0 0 0 0 0 0 0 0
 328        7843        .25        0 1 0 0 0 1 0 0 0 1 0 0 0 0 0 0 0 0 0
